year month day gdp
1947 01 01   1770691
1947 04 01   1767976
1947 07 01   1766523
1947 10 01   1793310
1948 01 01   1821809
1948 04 01   1855345
1948 07 01   1865320
1948 10 01   1868184
1949 01 01   1842240
1949 04 01   1835512
1949 07 01   1856103
1949 10 01   1838679
1950 01 01   1912998
1950 04 01   1971217
1950 07 01   2048351
1950 10 01   2084390
1951 01 01   2110731
1951 04 01   2145746
1951 07 01   2188503
1951 10 01   2192210
1952 01 01   2214268
1952 04 01   2216709
1952 07 01   2231561
1952 10 01   2305276
1953 01 01   2348408
1953 04 01   2366180
1953 07 01   2351793
1953 10 01   2314567
1954 01 01   2303523
1954 04 01   2306413
1954 07 01   2332418
1954 10 01   2379125
1955 01 01   2447657
1955 04 01   2488149
1955 07 01   2521394
1955 10 01   2535472
1956 01 01   2523902
1956 04 01   2543752
1956 07 01   2540555
1956 10 01   2582070
1957 01 01   2597939
1957 04 01   2591671
1957 07 01   2616638
1957 10 01   2589110
1958 01 01   2519019
1958 04 01   2534480
1958 07 01   2593867
1958 10 01   2654348
1959 01 01   2708036
1959 04 01   2776430
1959 07 01   2773119
1959 10 01   2782827
1960 01 01   2845268
1960 04 01   2831971
1960 07 01   2836599
1960 10 01   2800224
1961 01 01   2816858
1961 04 01   2869554
1961 07 01   2915929
1961 10 01   2975288
1962 01 01   3028654
1962 04 01   3062094
1962 07 01   3090408
1962 10 01   3097917
1963 01 01   3138407
1963 04 01   3177733
1963 07 01   3237567
1963 10 01   3262180
1964 01 01   3335397
1964 04 01   3373705
1964 07 01   3419548
1964 10 01   3429028
1965 01 01   3513250
1965 04 01   3560919
1965 07 01   3633182
1965 10 01   3720836
1966 01 01   3812167
1966 04 01   3824857
1966 07 01   3850012
1966 10 01   3881205
1967 01 01   3915396
1967 04 01   3916211
1967 07 01   3947455
1967 10 01   3977573
1968 01 01   4059545
1968 04 01   4128472
1968 07 01   4156717
1968 10 01   4174727
1969 01 01   4240478
1969 04 01   4252828
1969 07 01   4279723
1969 10 01   4259622
1970 01 01   4252940
1970 04 01   4260650
1970 07 01   4298588
1970 10 01   4253004
1971 01 01   4370283
1971 04 01   4395075
1971 07 01   4430159
1971 10 01   4442470
1972 01 01   4521907
1972 04 01   4629147
1972 07 01   4673511
1972 10 01   4750488
1973 01 01   4872005
1973 04 01   4928362
1973 07 01   4902065
1973 10 01   4948823
1974 01 01   4905427
1974 04 01   4917987
1974 07 01   4869361
1974 10 01   4850197
1975 01 01   4791203
1975 04 01   4827818
1975 07 01   4909135
1975 10 01   4973263
1976 01 01   5086318
1976 04 01   5124570
1976 07 01   5149673
1976 10 01   5187069
1977 01 01   5247280
1977 04 01   5351560
1977 07 01   5447268
1977 10 01   5446141
1978 01 01   5464738
1978 04 01   5679718
1978 07 01   5735401
1978 10 01   5811259
1979 01 01   5820977
1979 04 01   5826441
1979 07 01   5868323
1979 10 01   5884469
1980 01 01   5903424
1980 04 01   5782434
1980 07 01   5771687
1980 10 01   5878439
1981 01 01   6000591
1981 04 01   5952711
1981 07 01   6025037
1981 10 01   5949980
1982 01 01   5852334
1982 04 01   5884048
1982 07 01   5861363
1982 10 01   5865990
1983 01 01   5938947
1983 04 01   6072433
1983 07 01   6192178
1983 10 01   6320176
1984 01 01   6442760
1984 04 01   6553996
1984 07 01   6617690
1984 10 01   6671565
1985 01 01   6734522
1985 04 01   6791542
1985 07 01   6897631
1985 10 01   6949982
1986 01 01   7016763
1986 04 01   7044952
1986 07 01   7112874
1986 10 01   7147254
1987 01 01   7186881
1987 04 01   7263307
1987 07 01   7326301
1987 10 01   7451658
1988 01 01   7490203
1988 04 01   7586401
1988 07 01   7625570
1988 10 01   7727392
1989 01 01   7799942
1989 04 01   7858304
1989 07 01   7920628
1989 10 01   7937918
1990 01 01   8020842
1990 04 01   8052721
1990 07 01   8052598
1990 10 01   7982047
1991 01 01   7943380
1991 04 01   7996993
1991 07 01   8030679
1991 10 01   8062160
1992 01 01   8150654
1992 04 01   8237259
1992 07 01   8322253
1992 10 01   8409834
1993 01 01   8425289
1993 04 01   8479193
1993 07 01   8523828
1993 10 01   8636393
1994 01 01   8720471
1994 04 01   8839753
1994 07 01   8896691
1994 10 01   8995497
1995 01 01   9017565
1995 04 01   9036950
1995 07 01   9112901
1995 10 01   9176437
1996 01 01   9239297
1996 04 01   9399025
1996 07 01   9480781
1996 10 01   9584272
1997 01 01   9657987
1997 04 01   9801180
1997 07 01   9924196
1997 10 01  10000332
1998 01 01  10094801
1998 04 01  10185576
1998 07 01  10319973
1998 10 01  10498614
1999 01 01  10592145
1999 04 01  10674942
1999 07 01  10810680
1999 10 01  11004834
2000 01 01  11033569
2000 04 01  11248802
2000 07 01  11258255
2000 10 01  11324964
2001 01 01  11287752
2001 04 01  11361734
2001 07 01  11330380
2001 10 01  11370028
2002 01 01  11467137
2002 04 01  11528137
2002 07 01  11586608
2002 10 01  11590578
2003 01 01  11638917
2003 04 01  11737522
2003 07 01  11930678
2003 10 01  12038591
2004 01 01  12117924
2004 04 01  12195893
2004 07 01  12286667
2004 10 01  12387233
2005 01 01  12514999
2005 04 01  12570710
2005 07 01  12670529
2005 10 01  12735585
2006 01 01  12896381
2006 04 01  12948713
2006 07 01  12950436
2006 10 01  13038441
2007 01 01  13056121
2007 04 01  13173553
2007 07 01  13269826
2007 10 01  13325962
2008 01 01  13266834
2008 04 01  13310467
2008 07 01  13186925
2008 10 01  12883531
2009 01 01  12710977
2009 04 01  12700988
2009 07 01  12746714
2009 10 01  12873052
2010 01 01  12947560
2010 04 01  13019593
2010 07 01  13103500
2010 10 01  13181209
2011 01 01  13183780
2011 04 01  13264662
2011 07 01  13306922
2011 10 01  13441048
2012 01 01  13506429
2012 04 01  13548540
2012 07 01  13652519
2012 10 01  13665444
